94.1811 -33.6142
98.526 -17.1063
-4.64476 -99.8921
92.2335 -38.6391
87.5145 -48.386
98.3613 18.0291
-72.0448 -69.3509
78.8759 -61.4702
91.957 39.2927
78.6717 -61.7314
71.6024 69.8076
70.7934 -70.6278
84.0396 54.1972
2.46912 -99.9695
-10.5353 99.4435
6.55436 99.785
30.5063 95.2332
99.751 -7.05287
-72.3204 -69.0635
-42.1262 -90.6939
69.8506 -71.5604
-82.8075 56.0618
-87.5123 -48.39
-32.3461 94.6242
-19.1639 98.1465
-85.6455 51.6221
-79.987 -60.0174
-89.6307 44.3435
-34.3017 93.9329
-69.325 -72.0697
19.7149 98.0373
-86.7479 -49.7474
99.4431 -10.5387
99.9446 3.32672
92.5515 37.8712
96.8129 -25.0452
99.7795 -6.63665
-90.913 41.6513
-24.0043 97.0762
-32.7205 94.4953
95.3494 30.1413
18.7781 98.2211
85.9237 51.1578
47.2962 -88.1083
90.6046 42.3178
-42.2889 -90.6182
23.6276 97.1686
91.8086 -39.638
-70.3235 -71.0958
-45.0292 -89.2881
-27.0548 96.2706
-99.6222 -8.68403
65.9071 75.2081
-96.7552 -25.2672
-80.3736 -59.4986
96.6001 25.8537
-88.1608 -47.1982
97.583 -21.8533
-97.3833 -22.7266
-33.1401 94.349
-42.2612 90.6311
52.2301 -85.2761
47.0415 -88.2446
91.9819 -39.2342
-99.9291 -3.76445
53.1235 84.7224
-54.2937 -83.9774
64.2882 -76.5965
-85.9931 -51.041
-28.6901 -95.796
-99.4552 10.4238
41.8231 -90.8341
-23.8057 97.1251
21.3588 97.6924
69.1944 -72.1951
84.5941 -53.3276
-30.8873 -95.1103
87.7452 -47.9664
-96.1299 -27.5507
-74.5623 -66.6368
79.6244 -60.4976
-48.537 -87.4309
-98.3364 -18.1648
98.547 -16.9848
-11.9386 99.2848
71.7817 69.6232
15.9997 98.7117
0.968091 -99.9953
-90.8309 -41.8301
18.4455 -98.2841
44.4043 89.6005
-67.2343 74.024
97.7542 -21.0741
99.5452 9.52623
-56.5128 -82.5003
9.87449 99.5113
-99.9144 4.13572
63.1755 -77.5168
97.8794 -20.4849
77.3599 -63.3675
33.8726 94.0885
-75.9564 -65.0433
-65.0641 75.9385
-60.918 -79.3032
-41.808 -90.841
99.7812 -6.61224
-79.0541 -61.2409
91.799 39.6603
81.2058 58.3577
10.8504 -99.4096
93.5074 35.4453
-60.8736 -79.3373
-61.7095 78.6889
-91.1348 -41.1636
39.4992 -91.8685
30.6796 95.1775
99.8511 -5.4558
11.4249 -99.3452
-17.2996 -98.4923
70.2533 -71.1651
83.293 -55.3378
96.9375 24.5584
-90.2213 43.1291
-45.898 88.8447
-82.5017 -56.5107
96.8221 25.0097
-89.7649 44.0711
-72.5594 -68.8123
-57.7813 -81.6169
33.8237 -94.1061
-20.2454 -97.9292
-25.2394 96.7625
-99.4725 10.2574
14.0731 99.0048
97.9902 -19.9481
60.1404 79.8945
-72.8544 -68.4999
-58.549 81.068
-82.1154 -57.0707
93.1661 36.3328
19.867 98.0067
66.8007 -74.4155
76.5242 64.3742
63.9465 76.882
-19.5332 -98.0737
16.3396 -98.656
-65.2864 -75.7475
-99.964 -2.68393
99.0219 -13.9521
65.2873 75.7468
87.8155 47.8376
11.24 -99.3663
16.2236 98.6752
99.3063 -11.7584
-37.5392 92.6866
92.8372 37.1653
-93.4055 35.7129
46.3041 88.6337
-85.8636 -51.2586
-96.9081 -24.6742
-92.7349 -37.4197
-67.7348 73.5662
7.15687 99.7436
-43.0639 -90.2524
-54.8753 -83.5984
93.0649 -36.5912
62.3325 78.1963
-92.3286 -38.4114
-58.6619 -80.9863
99.9799 -2.00364
-54.4996 83.8439
98.545 -16.9967
15.6241 -98.7719
81.8835 -57.4028
-96.9111 -24.6627
-99.7922 6.44359
99.1209 -13.2307
86.9144 -49.4558
31.5648 94.8876
66.3854 -74.7862
-95.7737 28.7646
27.8551 -96.0421
-37.2361 -92.8088
-11.7209 -99.3107
26.4292 96.4443
-23.9802 -97.0822
61.1664 79.1118
-92.1317 -38.8813
99.7953 6.39475
37.1807 -92.831
-84.6068 53.3076
46.7661 -88.3908
-87.1467 49.0455
10.064 -99.4923
-56.5311 82.4878
98.4789 17.3755
-41.7047 -90.8885
45.4204 -89.0898
-33.884 -94.0844
-21.4299 97.6768
99.1365 13.113
0.00024572 100
83.4495 -55.1015
-84.6111 -53.3007
42.9104 90.3255
-55.6883 -83.0591
44.279 89.6625
-2.40999 -99.971
98.3745 -17.9573
92.8304 37.1821
-89.1971 45.2092
70.2658 -71.1527
37.3052 -92.781
-96.532 26.107
-72.5437 68.8289
35.9667 -93.3081
61.0657 -79.1895
95.165 -30.7183
50.4592 -86.3358
-93.7925 -34.6838
91.5535 -40.2237
78.4266 -62.0425
-97.1423 23.7354
99.1421 -13.071
-35.7383 93.3958
-54.7494 83.681
-11.1533 99.3761
-4.20515 99.9115
96.192 27.3332
-11.1228 -99.3795
58.8158 80.8746
-46.5719 -88.4932
87.0707 49.1803
93.1851 36.284
69.0656 -72.3184
38.5215 -92.2827
-35.9243 -93.3244
34.1376 -93.9927
97.2115 -23.4505
84.0912 -54.1172
36.1212 -93.2484
-56.4068 82.5728
-85.5615 -51.7613
88.0206 -47.4591
81.159 -58.4227
99.9578 2.90505
1.72322 -99.9852
-93.4015 -35.7234
83.0159 55.7526
52.8118 84.9171
-58.3669 -81.1992
31.1128 -95.0368
29.9518 -95.4091
99.4833 10.153
77.5151 -63.1776
98.8741 14.9639
-68.2339 73.1036
99.3425 -11.4486
-80.7673 -58.963
-99.5715 -9.24785
87.3853 48.619
47.8728 -87.7963
-82.054 57.1589
-12.2034 -99.2526
-51.3582 85.804
67.9672 73.3516
83.9816 54.287
-98.5593 -16.9135
12.1402 -99.2603
81.0556 58.5661
14.4241 98.9543
98.7942 -15.4823
-97.0686 24.0351
-87.3798 48.6289
-97.5065 22.1918
50.256 -86.4542
23.0852 97.2989
79.117 61.1597
78.6815 -61.719
98.2406 18.6758
90.6865 42.1422
28.097 -95.9717
-48.0594 87.6943
-96.0249 27.9144
-51.5691 85.6775
-84.8874 52.8596
-25.3702 -96.7282
-77.9165 -62.6819
-99.3198 11.6437
98.6154 16.5831
-60.0668 79.9499
0.859063 99.9963
-76.4808 64.4259
57.1805 -82.0389
-82.9059 55.9161
-99.1491 -13.0175
-95.3728 30.0671
-26.5858 96.4012
88.5246 46.5123
98.4595 -17.4849
95.0696 -31.0124
-14.3929 98.9588
14.8702 98.8882
-6.91028 -99.761
-89.4861 -44.6344
-22.7924 97.3679
-53.5415 84.4589
-77.5002 -63.1959
-92.2372 -38.6304
0.119927 99.9999
-29.7848 -95.4613
-32.9321 -94.4218
-99.7321 7.3151
99.5696 9.26783
-99.727 -7.38426
-43.2725 -90.1526
35.5128 93.4818
7.76198 99.6983
-94.9405 31.4053
87.1269 49.0806
18.6262 98.25
-35.2139 93.5948
72.2479 -69.1393
-61.8829 -78.5526
98.264 -18.5524
-60.3028 -79.772
93.4798 -35.5181
-59.142 -80.6364
90.8996 41.6804
-93.1686 -36.3264
-79.9619 60.0508
-52.2988 85.234
6.77771 -99.77
82.8396 56.0142
80.3082 -59.5868
68.6749 72.6894
-84.4399 -53.5714
-41.0661 91.1788
90.5125 -42.5146
-24.8987 -96.8507
72.7417 -68.6196
97.2849 -23.1441
-37.1777 -92.8322
63.5365 -77.2212
-61.9988 78.4611
30.207 -95.3286
74.8585 66.3039
-63.622 -77.1507
81.733 -57.6171
-43.2147 -90.1803
-93.458 -35.5752
6.75978 -99.7713
-95.835 28.5596
88.2062 -47.1134
49.286 -87.0109
-44.1547 -89.7238
-82.172 56.9891
-98.2793 -18.4711
96.9623 24.4603
99.6533 8.31952
8.17995 99.6649
-62.1186 78.3663
-81.7989 -57.5234
20.8002 -97.8128
-66.7976 -74.4183
-8.94775 99.5989
-96.7042 -25.4617
-42.0581 90.7255
55.4145 83.242
-53.919 -84.2184
-64.9003 -76.0786
-78.9345 -61.395
-12.0559 -99.2706
-29.7957 -95.4579
39.8687 -91.7087
-69.092 -72.2931
-2.0965 99.978
-63.9839 76.8509
-89.7591 -44.083
91.7527 -39.7673
69.3401 72.0552
44.5786 -89.5139
99.054 13.7223
0.730289 99.9973
99.8255 5.90513
28.6664 95.8031
-71.922 -69.4783
53.3262 84.595
-7.36596 -99.7283
-98.0822 19.4905
-78.486 -61.9673
-34.076 94.015
-74.4322 -66.7821
87.7339 -47.9872
-67.088 74.1566
-96.5995 -25.856
-98.6225 16.5407
36.6198 93.0537
-80.5921 -59.2023
-56.5855 -82.4505
50.6541 -86.2216
-92.6697 -37.5809
-75.9216 -65.0839
-60.5567 -79.5795
99.6209 -8.69907
95.4199 29.9174
94.2642 33.3805
63.3896 77.3419
-97.1443 23.7272
2.16074 99.9767
-6.90297 99.7615
-61.0216 -79.2235
-72.8838 -68.4686
-63.8983 76.9221
-11.0946 99.3826
-43.7682 -89.913
46.7144 -88.4181
-99.9501 3.15839
-71.4809 69.932
79.3178 60.8989
-94.5963 -32.4273
73.3115 -68.0104
83.6169 -54.8472
-99.8838 -4.81957
95.2041 -30.5971
-79.0884 -61.1966
-97.9144 -20.3166
-79.6249 60.497
-78.1499 62.3907
-28.4999 -95.8528
-9.14267 -99.5812
-78.7588 -61.6202
6.24553 99.8048
11.4449 99.3429
75.3655 65.727
8.52956 -99.6356
9.42639 -99.5547
27.0497 -96.2721
12.9458 99.1585
98.5574 16.9247
25.1802 -96.7779
-15.4782 98.7949
-74.8066 -66.3624
6.74243 -99.7724
-81.6753 57.6988
-90.4684 42.6083
-31.4498 94.9258
86.5799 50.0391
-99.0395 -13.8269
83.4182 55.1489
-95.8699 -28.4423
39.6613 91.7986
-99.7593 6.9347
-62.5678 -78.0081
97.6118 -21.724
93.1357 -36.4108
64.0718 76.7776
56.1015 -82.7806
94.8329 31.7289
-87.1327 -49.0703
62.5428 78.0281
4.61165 -99.8936
75.8823 -65.1297
-18.5852 98.2578
-44.8747 -89.3659
-97.7256 21.2062
32.6291 94.5269
57.2957 81.9586
73.3303 -67.9901
-90.2574 43.0535
-57.0233 -82.1483
-86.9815 -49.3378
59.2693 80.5428
87.7923 47.8801
93.294 36.0032
68.5072 -72.8476
-18.5157 -98.2709
99.7868 6.52644
49.685 -86.7836
28.5494 95.838
74.8694 -66.2916
52.8663 -84.8832
-7.37161 -99.7279
-96.0201 -27.931
-85.2497 52.2733
96.4924 -26.253
29.0417 95.69
-22.7516 97.3774
88.4703 46.6155
28.0901 95.9737
74.1208 -67.1276
62.0236 78.4415
-40.6218 91.3776
73.6027 -67.6952
96.9397 -24.55
-26.1414 96.5227
87.2144 48.925
53.6388 -84.3971
-85.153 -52.4306
-73.1551 68.1786
-31.5329 -94.8983
69.312 72.0822
94.8779 -31.5942
63.0501 77.6188
2.66947 99.9644
-95.6086 29.3086
63.1504 -77.5373
-85.8003 51.3645
-83.2241 -55.4415
44.0546 89.773
24.1106 -97.0499
85.0577 -52.5851
99.3615 -11.2827
-99.8999 4.47311
99.9979 0.648411
94.8587 -31.6516
-52.829 84.9064
-0.362578 99.9993
53.0724 84.7545
78.6718 61.7313
99.4152 10.7986
-24.3551 96.9888
45.5799 89.0083
99.9961 0.887454
98.9066 -14.7471
-81.4913 -57.9583
15.1867 -98.8401
-67.7333 73.5676
-91.5921 40.1358
70.4539 70.9665
-46.4524 -88.556
-4.95635 -99.8771
44.0904 -89.7554
-95.8813 28.4038
99.5892 9.0546
-30.2445 -95.3167
-24.7218 -96.896
99.2919 11.8795
-55.394 -83.2557
17.6278 -98.4341
94.7992 -31.8296
90.8759 -41.732
42.3918 -90.57
93.3653 35.8179
89.9768 -43.6368
-41.8505 90.8214
-88.0421 47.4194
79.8102 -60.2522
92.0647 -39.0397
-69.3647 -72.0315
-64.4067 -76.4969
91.7571 39.7571
-99.6268 -8.63109
-30.8903 95.1094
50.1856 -86.4951
95.1484 30.7698
-99.279 11.9863
-72.9737 -68.3728
96.8306 -24.9766
-19.6895 -98.0425
96.9916 24.3438
-27.4559 96.157
-92.713 37.4741
93.6926 -34.9528
26.6469 96.3843
-12.5149 -99.2138
-86.651 -49.9159
-99.0009 14.1005
87.669 -48.1055
6.4589 99.7912
20.2015 -97.9382
84.1131 54.0832
42.3892 90.5713
-99.9454 -3.30483
7.17933 -99.742
-44.5591 -89.5237
2.11161 -99.9777
88.0615 -47.3832
66.2329 -74.9213
99.3785 -11.1313
31.9486 -94.7591
91.9621 -39.2806
-55.7393 83.0249
-65.3024 -75.7337
21.1677 -97.734
-50.4688 -86.3302
-94.7321 32.0286
56.2022 82.7122
34.6787 -93.7944
-89.4067 -44.7933
-45.3945 89.103
-27.3624 -96.1837
-96.8144 25.0395
-78.6511 -61.7576
32.1487 -94.6914
-54.4332 83.887
99.985 1.73148
19.9279 97.9943
-98.4115 17.7531
-93.1999 -36.2462
96.8473 -24.9118
92.547 -37.882
-2.52447 -99.9681
-93.9944 34.133
53.4647 -84.5076
95.901 28.3372
-87.5194 48.3772
-76.2613 -64.6855
26.7548 96.3545
33.7423 94.1353
-18.4628 -98.2808
72.7354 68.6263
3.31079 99.9452
93.3462 -35.8677
-4.25222 99.9096
-74.5235 -66.6802
-56.62 -82.4268
99.9821 1.89074
-9.47729 99.5499
15.4303 98.8024
94.9088 -31.501
-75.2519 65.8571
-9.14439 99.581
-60.5996 79.5467
70.6594 -70.7619
88.7964 45.9912
-94.2598 -33.3931
-81.0325 -58.598
-54.3239 -83.9578
-42.7738 90.3903
80.8859 58.8003
93.9578 34.2334
-44.8223 89.3922
-94.5809 32.4725
64.4951 76.4224
-77.0482 63.7461
-53.6048 -84.4187
98.3779 -17.9382
-98.3379 -18.1564
-96.3374 26.8163
48.6256 -87.3816
-88.4281 -46.6956
-44.9667 89.3196
94.9585 31.351
-74.8148 -66.3532
-89.2215 45.161
97.9496 20.1465
-37.8732 92.5507
41.8725 -90.8113
63.8869 76.9316
-50.3808 86.3816
33.9888 94.0466
99.1849 12.7418
96.6791 -25.557
91.9974 -39.1979
-45.9867 88.7988
74.2659 66.9669
-96.455 26.3901
-99.9995 0.310456
-28.4446 -95.8692
-90.8125 41.87
86.3948 50.3581
-97.8033 -20.845
34.5822 93.83
-97.457 22.4085
-70.6394 -70.7819
-49.627 86.8168
56.7591 82.331
29.2659 -95.6217
86.1542 -50.7686
99.9812 -1.93987
-65.2995 75.7363
7.93729 -99.6845
18.8479 98.2077
-11.5173 -99.3345
-98.5302 -17.0822
-46.4107 88.5779
99.2865 -11.9243
85.8108 51.3469
-97.2907 23.1198
-89.0269 -45.5435
90.5912 -42.3466
-99.0642 -13.6483
54.8775 -83.597
-61.8264 78.5971
-11.0148 99.3915
27.3661 96.1826
38.0241 -92.4888
-64.0051 -76.8332
-98.956 14.4118
-98.4304 17.6483
-93.6009 -35.1977
82.8004 56.0722
76.4131 64.5062
-22.1224 97.5223
63.3947 -77.3376
-97.5613 -21.95
41.6897 90.8954
99.4635 -10.3446
-67.3958 73.8769
53.344 -84.5838
78.7706 -61.6051
23.61 97.1729
1.98064 99.9804
68.1271 -73.2031
31.0279 -95.0646
87.4237 -48.5499
85.5205 51.8289
85.9903 51.0457
92.4908 -38.0191
-74.6407 66.549
-74.9799 66.1665
50.6413 -86.2291
-70.7647 70.6566
90.9028 -41.6736
-99.7725 -6.74127
92.7775 -37.3141
-48.4022 87.5056
53.2597 -84.6369
-99.6836 -7.94884
-25.3075 -96.7447
98.5485 16.9764
-9.02712 -99.5917
-23.3223 97.2423
97.6729 -21.4479
84.8633 -52.8981
-77.8167 -62.8058
62.294 -78.227
99.0268 -13.9177
67.7717 -73.5323
89.886 43.8236
-69.8894 -71.5225
93.4459 35.6071
-63.842 -76.9688
-84.4336 53.5815
-80.9785 58.6727
-15.4484 98.7995
-99.9893 -1.46005
-23.1463 -97.2844
64.1155 76.7411
-18.2649 98.3178
46.56 88.4995
85.4142 52.004
-96.9178 -24.636
-99.986 1.67231
89.8873 43.8209
-44.483 -89.5615
-94.0913 33.8649
90.303 -42.9577
86.7061 49.8202
-91.8385 39.5689
43.5748 -90.0069
-41.6811 -90.8993
88.9904 -45.6149
61.7567 -78.6519
6.8489 99.7652
97.4687 22.3573
26.443 96.4405
-70.5056 -70.9152
99.3312 11.5465
-95.3475 30.1473
18.5067 -98.2726
99.7358 7.26385
93.9781 34.1777
60.4226 79.6813
1.9492 99.981
-64.5731 76.3565
59.4437 -80.4142
-41.1346 -91.1479
96.3783 -26.6687
-80.8186 58.8927
-95.1974 -30.618
39.9643 91.6671
41.6771 90.9012
99.62 -8.70903
-14.7147 98.9115
-96.6815 25.5477
91.8222 39.6066
-79.4448 60.7332
-76.4564 -64.4547
-94.6925 32.1455
-83.6348 54.8199
36.2568 93.1957
-61.9363 78.5105
-22.3366 -97.4735
-45.2733 -89.1646
-17.2608 -98.4991
11.0852 99.3837
-0.476865 99.9989
-65.9112 75.2045
61.8735 -78.56
74.2159 -67.0224
-34.4122 93.8925
-81.6185 57.7791
52.1262 85.3397
17.2794 -98.4958
42.3852 90.5732
91.5853 -40.1514
99.6082 -8.84373
-99.5413 9.56736
-75.589 65.4699
-95.0315 -31.129
-80.4496 59.3959
-55.4095 -83.2454
52.08 85.3679
24.1079 97.0506
20.504 -97.8754
-29.1582 -95.6546
69.8237 -71.5866
-26.3797 96.4578
-88.1453 47.2272
91.4942 -40.3585
77.1776 63.5894
59.2701 80.5423
92.0937 -38.9712
88.8568 -45.8745
61.693 -78.7018
-61.0426 -79.2073
22.8334 -97.3583
-44.7822 89.4123
99.9164 4.08859
12.8318 99.1733
-23.7353 97.1423
-1.81316 -99.9836
11.1695 99.3743
37.2454 -92.805
98.5551 16.938
-7.46497 99.721
60.8234 -79.3758
85.6879 51.5518
-99.9232 3.91871
-62.9022 77.7388
69.3606 -72.0354
-60.5248 79.6037
87.6622 48.118
-90.4151 -42.7213
-67.7354 73.5657
29.0284 -95.6941
-55.9986 -82.8502
-97.0493 -24.1131
-96.7376 25.3345
-0.154142 99.9999
99.9999 -0.144408
-8.60735 99.6289
-13.9634 99.0203
-89.983 43.6241
98.3826 -17.9125
80.122 -59.837
76.8384 -63.999
55.2291 -83.3652
97.8109 -20.8092
99.8582 -5.32269
-26.0484 96.5478
70.8397 70.5814
86.3253 50.4772
-17.7702 98.4084
33.0049 94.3964
-85.4342 51.9712
-96.6528 25.6562
86.1253 50.8177
-50.2136 86.4789
-95.3737 30.0641
-87.4364 -48.5271
29.2456 -95.6279
-97.736 21.1584
64.4414 76.4676
99.9517 -3.10822
82.4798 -56.5427
-99.8937 4.61055
90.9922 41.478
70.4743 -70.9462
-63.2229 77.4781
93.773 -34.7366
-89.0181 45.5607
88.9978 45.6003
38.7748 92.1766
66.9047 -74.322
79.1755 61.0838
-98.5866 -16.7538
99.8384 -5.68271
58.7989 -80.8869
97.0918 -23.9411
57.8353 -81.5787
-5.78077 -99.8328
87.4643 48.4768
24.1474 97.0407
27.7522 96.0719
-11.6301 99.3214
-73.3898 67.926
-17.3578 -98.482
-82.2746 -56.8409
39.534 -91.8535
99.5049 9.93904
-32.9332 94.4214
39.6382 -91.8086
24.9172 96.8459
90.2016 -43.1702
-89.6366 -44.3315
-55.3681 83.2729
-96.2537 27.1152
94.211 -33.5304
-30.0741 -95.3706
55.4514 83.2174
22.6893 97.392
99.4908 10.0791
38.0195 -92.4906
-0.420721 99.9991
-99.6027 -8.90464
76.5847 -64.3023
61.9521 78.498
-95.8773 -28.4175
4.41354 99.9026
-89.875 43.8462
96.3748 -26.6813
15.0047 -98.8679
52.0453 85.389
-30.9954 95.0752
-99.9201 -3.99722
-20.7473 -97.8241
-37.5738 -92.6726
13.2968 -99.112
-67.0531 -74.1881
-58.6534 -80.9924
0.104251 -99.9999
5.31205 99.8588
98.5749 -16.8222
-35.8997 -93.3339
-14.7922 98.8999
-62.0396 -78.4289
99.5763 9.19518
-77.3736 -63.3508
11.2699 99.3629
7.59194 99.7114
80.2674 59.6418
-24.796 -96.877
-41.442 91.0086
-86.2762 50.5611
-4.51398 -99.8981
96.91 -24.6667
1.51372 -99.9885
81.2164 -58.3429
-53.6917 -84.3635
67.874 73.4378
31.3768 94.95
71.7002 -69.7071
-86.9095 49.4646
-90.8641 41.7579
58.777 80.9028
-16.8741 -98.566
-70.3451 -71.0744
-30.2027 -95.3299
99.4609 -10.37
-17.0731 98.5318
98.9124 -14.7086
-10.8897 -99.4053
56.6523 82.4046
-99.7182 7.50234
10.4696 -99.4504
92.9992 36.7579
48.5296 87.435
-93.7849 -34.7045
96.594 -25.8765
60.7198 79.455
48.0038 -87.7248
95.6115 29.2993
52.993 84.8041
-84.922 52.8039
-78.4249 -62.0447
-10.5675 -99.4401
98.1728 -19.0288
99.9173 4.0658
-12.7145 -99.1884
66.2153 74.9369
-97.5212 22.1274
8.34595 99.6511
-6.28362 -99.8024
-35.2994 93.5625
71.4669 69.9463
-55.0712 83.4696
88.4911 -46.576
-61.752 78.6555
-93.9805 34.171
-62.4836 78.0756
83.7969 54.5718
-87.47 -48.4665
59.8592 -80.1054
97.136 23.7611
13.7406 -99.0515
97.6734 21.4454
87.4827 -48.4435
-28.8939 95.7348
-32.4144 94.6008
2.05752 99.9788
54.4309 83.8885
-59.691 -80.2308
-38.7558 92.1845
-89.0901 45.4197
-71.3466 -70.0689
-89.1257 -45.3498
49.3366 -86.9822
