791.802 39.6401
52.1202 2.65601
-734.246 -36.6623
710.757 35.5879
865.763 43.3381
-614.124 -30.6562
355.813 17.8406
-712.997 -35.5999
225.434 11.3217
153.385 7.71923
-118.409 -5.87044
745.524 37.3262
-43.8134 -2.14067
-561.808 -28.0404
766.328 38.3664
922.931 46.1966
-617.206 -30.8103
952.722 47.6861
-124.511 -6.17557
534.538 26.7769
954.862 47.7931
-207.375 -10.3187
372.865 18.6932
690.61 34.5805
-621.966 -31.0483
-261.554 -13.0277
103.932 5.24662
-124.263 -6.16317
-97.9774 -4.84887
974.391 48.7696
-129.956 -6.44781
-241.545 -12.0273
299.208 15.0104
-110.888 -5.49439
-895.235 -44.7118
-662.537 -33.0769
561.009 28.1005
780.581 39.079
-181.27 -9.01349
-609.775 -30.4387
-814.07 -40.6535
-969.867 -48.4434
-767.678 -38.3339
-943.081 -47.1041
-958.11 -47.8555
328.99 16.4995
865.4 43.32
-976.808 -48.7904
676.114 33.8557
99.604 5.0302
-15.8399 -0.741996
-567.013 -28.3007
-912.962 -45.5981
854.958 42.7979
-718.355 -35.8678
729.781 36.5391
38.5986 1.97993
314.035 15.7517
-27.8201 -1.34101
705.147 35.3074
938.588 46.9794
-801.323 -40.0161
-288.785 -14.3893
-73.1564 -3.60782
-384.767 -19.1884
767.958 38.4479
-394.296 -19.6648
-117.057 -5.80283
-592.133 -29.5566
848.827 42.4913
831.681 41.634
7.84793 0.442397
-653.362 -32.6181
399.8 20.04
93.2894 4.71447
-344.219 -17.161
-323.641 -16.1321
719.402 36.0201
-499.188 -24.9094
3.50049 0.225024
-74.8525 -3.69262
-639.161 -31.908
55.4078 2.82039
489.114 24.5057
-499.758 -24.9379
-851.565 -42.5283
88.7714 4.48857
905.7 45.335
-784.342 -39.1671
-416.839 -20.792
-942.239 -47.0619
-21.2775 -1.01388
-688.954 -34.3977
41.864 2.1432
-843.447 -42.1223
-954.981 -47.6991
-761.872 -38.0436
-373.532 -18.6266
-56.2162 -2.76081
797.659 39.933
242.096 12.1548
69.3871 3.51935
-111.217 -5.51084
-747.496 -37.3248
744.062 37.2531
-679.398 -33.9199
706.091 35.3545
-83.412 -4.1206
500.318 25.0659
-508.528 -25.3764
861.811 43.1405
384.873 19.2936
408.634 20.4817
-824.368 -41.1684
-824.109 -41.1555
-318.582 -15.8791
950.255 47.5627
585.361 29.318
-448.01 -22.3505
-843.514 -42.1257
455.915 22.8458
73.6886 3.73443
-638.886 -31.8943
220.327 11.0663
-471.222 -23.5111
73.7773 3.73886
621.518 31.1259
-458.146 -22.8573
709.383 35.5192
505.572 25.3286
-694.132 -34.6566
-549.937 -27.4468
-398.359 -19.868
702.307 35.1654
-981.014 -49.0007
570.166 28.5583
875.938 43.8469
533.707 26.7354
528.537 26.4768
302.857 15.1929
445.089 22.3044
-837.915 -41.8457
-190.792 -9.48962
515.008 25.8004
994.35 49.7675
-810.548 -40.4774
-34.9988 -1.69994
511.985 25.6493
-781.856 -39.0428
-233.137 -11.6068
-615.705 -30.7352
975.9 48.845
-694.353 -34.6676
607.666 30.4333
-263.085 -13.1043
1.77514 0.138757
67.8259 3.4413
193.052 9.70259
-57.0056 -2.80028
-876.211 -43.7605
-190.048 -9.4524
295.2 14.81
-126.879 -6.29396
-30.4943 -1.47472
-4.07065 -0.153533
-785.414 -39.2207
503.124 25.2062
496.321 24.866
556.927 27.8964
-937.467 -46.8234
-184.786 -9.1893
748.353 37.4676
301.298 15.1149
-529.259 -26.413
785.983 39.3492
580.409 29.0705
904.591 45.2796
-92.0601 -4.55301
-146.527 -7.27633
402.052 20.1526
-275.627 -13.7313
-647.523 -32.3262
-37.4829 -1.82415
402.361 20.168
-414.305 -20.6653
313.602 15.7301
579.097 29.0048
125.973 6.34865
-600.975 -29.9988
915.759 45.8379
312.443 15.6721
945.958 47.3479
-187.047 -9.30235
876.875 43.8938
909.995 45.5497
-703.064 -35.1032
-394.424 -19.6712
396.353 19.8676
17.7942 0.939709
-302.349 -15.0674
877.056 43.9028
-95.4325 -4.72162
-630.868 -31.4934
-809.941 -40.447
-532.054 -26.5527
724.969 36.2984
-677.041 -33.8021
-299.225 -14.9113
209.729 10.5365
-770.817 -38.4909
94.3383 4.76692
-319.626 -15.9313
-479.697 -23.9348
-109.648 -5.43239
-311.445 -15.5223
-665.821 -33.2411
-940.268 -46.9634
-37.2588 -1.81294
166.623 8.38117
-525.866 -26.2433
949.252 47.5126
-973.562 -48.6281
292.17 14.6585
235.018 11.8009
-798.295 -39.8648
583.869 29.2434
779.507 39.0253
-736.304 -36.7652
596.918 29.8959
-734.223 -36.6612
-344.923 -17.1961
911.499 45.625
704.163 35.2581
100.825 5.09123
519.525 26.0263
-734.677 -36.6838
892.712 44.6856
-309.987 -15.4493
6.3381 0.366905
-419.862 -20.9431
358.251 17.9625
544.3 27.265
-379.405 -18.9203
-604.052 -30.1526
631.688 31.6344
-513.291 -25.6145
494.294 24.7647
-474.405 -23.6703
380.358 19.0679
-166.748 -8.28738
450.497 22.5748
824.214 41.2607
865.593 43.3296
-684.089 -34.1544
198.022 9.95108
-345.431 -17.2216
-910.006 -45.4503
388.631 19.4816
-172.494 -8.57472
-722.891 -36.0946
256.5 12.875
595.55 29.8275
-345.605 -17.2303
763.344 38.2172
102.3 5.16498
148.277 7.46384
199.748 10.0374
-782.733 -39.0867
-756.876 -37.7938
635.268 31.8134
550.955 27.5977
495.878 24.8439
448.587 22.4793
-23.9863 -1.14931
732.54 36.677
-915.112 -45.7056
217.539 10.927
254.86 12.793
-644.908 -32.1954
540.827 27.0913
-87.0995 -4.30498
814.349 40.7675
777.404 38.9202
-428.468 -21.3734
221.935 11.1468
523.986 26.2493
181.526 9.12629
-213.153 -10.6076
510.295 25.5648
119.54 6.02701
82.7157 4.18578
201.373 10.1187
872.363 43.6681
225.54 11.327
-502.232 -25.0616
-443.784 -22.1392
-590.774 -29.4887
-803.94 -40.147
253.659 12.733
154.528 7.7764
-749.707 -37.4353
757.436 37.9218
-409.869 -20.4435
-815.05 -40.7025
564.525 28.2762
-702.608 -35.0804
-196.481 -9.77404
-959.513 -47.9256
4.2372 0.26186
-486.556 -24.2778
510.591 25.5796
-797.693 -39.8346
484.548 24.2774
-674.976 -33.6988
356.088 17.8544
658.588 32.9794
124.568 6.27841
-136.077 -6.75387
944.628 47.2814
341.82 17.141
-586.502 -29.2751
295.356 14.8178
-816.185 -40.7592
395.174 19.8087
976.648 48.8824
-209.196 -10.4098
-740.426 -36.9713
286.611 14.3806
-590.203 -29.4601
-457.739 -22.8369
-89.8164 -4.44082
480.316 24.0658
987.324 49.4162
-62.9251 -3.09626
576.971 28.8986
-213.581 -10.629
127.775 6.43874
543.521 27.2261
900.133 45.0566
664.238 33.2619
497.427 24.9213
-242.358 -12.0679
543.526 27.2263
883.374 44.2187
-779.501 -38.925
350.026 17.5513
-672.723 -33.5861
-294.112 -14.6556
977.133 48.9067
128.686 6.48432
398.172 19.9586
-191.932 -9.54658
384.253 19.2627
-978.147 -48.8574
43.2164 2.21082
-593.065 -29.6033
-854.468 -42.6734
622.034 31.1517
-326.851 -16.2926
742.475 37.1737
246.294 12.3647
-952.8 -47.59
107.668 5.43339
-464.647 -23.1824
-901.597 -45.0298
101.227 5.11134
-523.387 -26.1193
117.304 5.9152
631.631 31.6316
-575.967 -28.7483
-392.762 -19.5881
170.003 8.55014
-380.083 -18.9541
97.6907 4.93453
88.5764 4.47882
-319.361 -15.918
-867.852 -43.3426
-182.186 -9.05931
-583.501 -29.125
138.503 6.97517
766.569 38.3784
524.258 26.2629
257.74 12.937
94.1367 4.75683
-911.261 -45.513
87.9047 4.44524
770.131 38.5566
-58.1038 -2.85519
-729.025 -36.4013
-750.194 -37.4597
40.1379 2.05689
134.416 6.77079
813.807 40.7404
27.0907 1.40454
188.304 9.46519
571.502 28.6251
-304.849 -15.1924
105.084 5.30418
-180.873 -8.99365
-335.43 -16.7215
-241.845 -12.0422
-468.036 -23.3518
-432.918 -21.5959
-378.931 -18.8966
859.139 43.007
-105.266 -5.21328
-413.238 -20.6119
403.347 20.2174
897.384 44.9192
-608.223 -30.3611
-569.789 -28.4394
-32.9451 -1.59725
296.505 14.8752
849.999 42.5499
-940.061 -46.953
11.4112 0.620558
-714.181 -35.659
-4.7344 -0.18672
336.183 16.8592
133.565 6.72825
479.079 24.004
-289.694 -14.4347
487.389 24.4195
-465.379 -23.2189
-389.869 -19.4435
-931.466 -46.5233
-602.893 -30.0946
-501.93 -25.0465
662.741 33.1871
361.238 18.1119
-24.6234 -1.18117
-790.845 -39.4922
244.814 12.2907
-659.887 -32.9443
-965.635 -48.2318
487.722 24.4361
-427.741 -21.337
763.026 38.2013
627.922 31.4461
-804.257 -40.1628
-553.445 -27.6223
444.242 22.2621
-2.54304 -0.077152
276.504 13.8752
377.026 18.9013
-501.629 -25.0315
-422.131 -21.0565
917.234 45.9117
338.649 16.9825
-683.852 -34.1426
-303.097 -15.1049
-992.213 -49.5606
67.7689 3.43844
750.797 37.5899
-128.346 -6.36728
26.2844 1.36422
524.773 26.2887
-653.062 -32.6031
528.854 26.4927
-372.016 -18.5508
839.598 42.0299
785.878 39.3439
794.301 39.7651
-470.678 -23.4839
395.812 19.8406
619.052 31.0026
225.017 11.3009
743.047 37.2023
-334.653 -16.6826
-540.212 -26.9606
388.488 19.4744
-513.78 -25.639
-766.459 -38.2729
-774.594 -38.6797
106.161 5.35804
667.772 33.4386
-813.447 -40.6224
9.78221 0.539111
-770.655 -38.4828
952.923 47.6961
7.29465 0.414733
-533.335 -26.6168
583.963 29.2482
-138.027 -6.85135
462.495 23.1748
121.265 6.11324
-682.121 -34.0561
190.812 9.59062
646.08 32.354
-330.711 -16.4855
-421.918 -21.0459
873.542 43.7271
-440.895 -21.9947
774.433 38.7716
669.041 33.502
-134.794 -6.68968
199.926 10.0463
-475.382 -23.7191
-986.142 -49.2571
-984.104 -49.1552
710.935 35.5967
567.197 28.4098
-502.244 -25.0622
177.479 8.92396
-268.416 -13.3708
-281.121 -14.0061
-27.286 -1.3143
698.53 34.9765
342.07 17.1535
-348.995 -17.3997
-206.33 -10.2665
-687.298 -34.3149
-642.513 -32.0756
-890.698 -44.4849
-914.247 -45.6624
-410.494 -20.4747
672.718 33.6859
-321.055 -16.0027
-150.625 -7.48123
-486.165 -24.2582
-387.456 -19.3228
-844.042 -42.1521
145.42 7.32101
-230.223 -11.4612
561.775 28.1387
344.275 17.2638
257.999 12.9499
487.992 24.4496
-825.323 -41.2162
-659.001 -32.9
726.719 36.386
135.44 6.82199
-808.097 -40.3549
60.1336 3.05668
24.2942 1.26471
-544.838 -27.1919
-496.333 -24.7667
157.206 7.9103
-634.999 -31.7
796.911 39.8955
743.716 37.2358
395.504 19.8252
373.09 18.7045
312.561 15.678
441.508 22.1254
-916.542 -45.7771
-0.479488 0.0260256
597.657 29.9328
-175.221 -8.71105
-376.903 -18.7951
144.901 7.29507
-957.898 -47.8449
491.876 24.6438
-142.776 -7.08881
892.449 44.6725
-616.63 -30.7815
530.677 26.5839
-64.0246 -3.15123
-94.1687 -4.65843
341.076 17.1038
312.287 15.6644
845.557 42.3279
-448.494 -22.3747
-180.373 -8.96866
64.1733 3.25867
97.953 4.94765
445.774 22.3387
326.723 16.3861
851.943 42.6472
695.888 34.8444
670.506 33.5753
473.172 23.7086
-772.439 -38.5719
547.967 27.4484
515.005 25.8002
-229.039 -11.402
920.867 46.0933
-111.475 -5.52376
-637.881 -31.844
-439.188 -21.9094
942.784 47.1892
817.413 40.9206
901.708 45.1354
225.318 11.3159
755.413 37.8206
939.923 47.0461
-329.163 -16.4082
-951.989 -47.5495
389.95 19.5475
626.176 31.3588
-774.963 -38.6981
-179.91 -8.94548
-791.143 -39.5071
-72.0482 -3.55241
406.167 20.3584
300.292 15.0646
343.504 17.2252
282.53 14.1765
976.613 48.8806
-786.582 -39.2791
-840.336 -41.9668
-192.609 -9.58045
893.354 44.7177
893.88 44.744
-971.901 -48.5451
-960.018 -47.9509
325.414 16.3207
-155.21 -7.7105
960.094 48.0547
-333.248 -16.6124
-666.083 -33.2541
-970.6 -48.48
-158.427 -7.87134
731.757 36.6379
-149.09 -7.4045
781.548 39.1274
-668.761 -33.388
269.006 13.5003
449.052 22.5026
-40.8457 -1.99229
-206.146 -10.2573
428.689 21.4844
146.909 7.39547
-501.669 -25.0334
660.447 33.0724
-340.965 -16.9983
747.108 37.4054
-481.647 -24.0324
754.047 37.7523
-207.131 -10.3065
937.919 46.9459
-287.158 -14.3079
-734.034 -36.6517
190.821 9.59105
-603.453 -30.1226
-746.673 -37.2837
-102.982 -5.0991
877.977 43.9489
68.2732 3.46366
-958.912 -47.8956
-243.832 -12.1416
835.188 41.8094
-683.525 -34.1263
-761.847 -38.0423
497.804 24.9402
-331.66 -16.533
131.395 6.61973
705.534 35.3267
984.625 49.2812
-801.39 -40.0195
-605.86 -30.243
-320.523 -15.9762
261.198 13.1099
-343.581 -17.1291
888.109 44.4555
327.015 16.4008
-99.0533 -4.90267
825.156 41.3078
971.362 48.6181
164.478 8.27388
-534.36 -26.668
-232.891 -11.5946
29.5039 1.5252
-431.909 -21.5455
469.438 23.5219
687.222 34.4111
-734.527 -36.6763
-607.902 -30.3451
409.17 20.5085
-624.818 -31.1909
461.862 23.1431
-628.914 -31.3957
-50.4151 -2.47076
-772.288 -38.5644
-403.103 -20.1052
-14.9466 -0.697329
-543.784 -27.1392
-377.597 -18.8298
-837.992 -41.8496
-149.966 -7.44829
-533.577 -26.6288
354.5 17.775
811.397 40.6198
130.736 6.5868
-786.713 -39.2857
194.716 9.78581
-403.962 -20.1481
828.645 41.4823
-488.889 -24.3944
-444.292 -22.1646
-607.46 -30.323
-958.214 -47.8607
-801.614 -40.0307
-424.301 -21.165
93.3274 4.71637
-877.505 -43.8253
-211.023 -10.5012
151.222 7.61112
563.017 28.2008
-946.63 -47.2815
577.651 28.9325
855.332 42.8166
-886.65 -44.2825
-193.475 -9.62373
775.907 38.8454
-863.173 -43.1087
-287.052 -14.3026
-862.255 -43.0628
-168.066 -8.3533
-296.156 -14.7578
322.493 16.1747
74.2151 3.76075
913.059 45.7029
660.491 33.0745
-240.964 -11.9982
-36.3741 -1.7687
-77.8837 -3.84418
431.926 21.6463
286.191 14.3596
-949.366 -47.4183
-693.302 -34.6151
-521.014 -26.0007
544.709 27.2854
-344.502 -17.1751
-254.105 -12.6552
112.491 5.67455
-377.46 -18.823
988.85 49.4925
7.6722 0.43361
439.304 22.0152
866.825 43.3912
100.622 5.08109
-166.258 -8.2629
-915.52 -45.726
804.054 40.2527
-677.114 -33.8057
-464.959 -23.198
-345.852 -17.2426
327.279 16.4139
-928.137 -46.3568
369.055 18.5028
-801.78 -40.039
113.249 5.71244
290.443 14.5722
759.987 38.0493
-859.681 -42.9341
-589.508 -29.4254
742.553 37.1776
302.71 15.1855
-420.8 -20.99
430.669 21.5834
946.044 47.3522
772.754 38.6877
138.364 6.96818
168.747 8.48733
-742.55 -37.0775
376.508 18.8754
223.759 11.2379
-988.367 -49.3683
605.495 30.3247
-2.72556 -0.0862781
-876.824 -43.7912
-716.389 -35.7695
444.136 22.2568
509.304 25.5152
-808.577 -40.3788
-596.345 -29.7672
829.177 41.5088
-971.04 -48.502
692.235 34.6618
840.195 42.0597
331.302 16.6151
-339.654 -16.9327
-989.291 -49.4146
798.19 39.9595
371.153 18.6076
820.46 41.073
332.954 16.6977
-364.99 -18.1995
106.093 5.35463
520.915 26.0957
257.935 12.9467
-709.18 -35.409
-956.513 -47.7756
-727.636 -36.3318
399.498 20.0249
282.436 14.1718
-356.277 -17.7639
-99.3428 -4.91714
-33.8272 -1.64136
-32.5236 -1.57618
-926.22 -46.261
561.499 28.125
26.654 1.3827
-448.94 -22.397
380.151 19.0576
811.435 40.6217
42.1968 2.15984
-314.973 -15.6986
-632.301 -31.565
829.288 41.5144
950.336 47.5668
-255.614 -12.7307
797.414 39.9207
180.73 9.08649
-222.991 -11.0995
0.80053 0.0900265
-258.572 -12.8786
-308.699 -15.3849
-639.778 -31.9389
693.185 34.7092
952.96 47.698
481.157 24.1079
561.861 28.1431
456.086 22.8543
550.504 27.5752
-725.925 -36.2462
11.0715 0.603575
-721.955 -36.0477
-392.029 -19.5514
584 29.25
108.514 5.47569
616.753 30.8876
136.549 6.87743
590.014 29.5507
197.03 9.90151
101.489 5.12446
-948.671 -47.3836
-768.206 -38.3603
-378.047 -18.8523
-525.873 -26.2437
378.869 18.9935
367.433 18.4217
-852.009 -42.5505
949.416 47.5208
-533.93 -26.6465
-606.304 -30.2652
219.383 11.0192
633.382 31.7191
451.104 22.6052
-818.151 -40.8576
-765.482 -38.2241
-488.36 -24.368
-988.187 -49.3593
-822.008 -41.0504
59.3712 3.01856
-750.503 -37.4751
520.481 26.0741
717.202 35.9101
-662.728 -33.0864
-288.387 -14.3694
902.365 45.1682
336.462 16.8731
-853.623 -42.6311
680.161 34.0581
216.329 10.8665
-662.87 -33.0935
-626.726 -31.2863
981.835 49.1417
-428.263 -21.3632
229.969 11.5484
553.041 27.702
532.412 26.6706
-49.0126 -2.40063
560.881 28.094
-711.525 -35.5262
743.233 37.2117
-291.417 -14.5209
-156.44 -7.77202
754.374 37.7687
718.638 35.9819
933.287 46.7144
593.158 29.7079
-526.73 -26.2865
-640.724 -31.9862
-356.95 -17.7975
334.627 16.7814
-611.549 -30.5274
996.524 49.8762
-267.071 -13.3035
-301.562 -15.0281
339.231 17.0116
661.755 33.1377
564.976 28.2988
334.827 16.7913
421 21.1
160.661 8.08305
150.732 7.58662
90.303 4.56515
-620.835 -30.9918
503.315 25.2157
-501.035 -25.0018
-897.109 -44.8055
-593.149 -29.6074
-895.762 -44.7381
-215.346 -10.7173
916.682 45.8841
485.211 24.3105
-898.884 -44.8942
-962.314 -48.0657
-974.169 -48.6584
-480.236 -23.9618
997.876 49.9438
-728.122 -36.3561
228.214 11.4607
-500.275 -24.9637
-432.37 -21.5685
-304.923 -15.1962
711.373 35.6187
928.308 46.4654
704.068 35.2534
224.086 11.2543
-717.175 -35.8088
-103.556 -5.12782
350.469 17.5735
609.438 30.5219
-867.916 -43.3458
-142.641 -7.08205
277.27 13.9135
676.778 33.8889
959.945 48.0472
-35.1135 -1.70567
-707.519 -35.326
-203.633 -10.1317
26.6636 1.38318
-295.133 -14.7066
-530.242 -26.4621
397.81 19.9405
-638.624 -31.8812
859.97 43.0485
723.822 36.2411
721.963 36.1482
410.448 20.5724
-117.272 -5.81358
323.896 16.2448
-627.818 -31.3409
597.114 29.9057
232.151 11.6576
-981.22 -49.011
750.678 37.5839
-800.674 -39.9837
-931.201 -46.51
982.499 49.175
-393.457 -19.6229
-208.42 -10.371
-215.429 -10.7214
-597.366 -29.8183
-312.016 -15.5508
198.916 9.99582
249.921 12.546
665.866 33.3433
807.569 40.4285
-45.8893 -2.24446
-429.868 -21.4434
275.241 13.812
-146.6 -7.28
-261.699 -13.035
-634.074 -31.6537
-967.725 -48.3363
-31.457 -1.52285
807.019 40.4009
402.952 20.1976
-209.496 -10.4248
118.025 5.95126
-175.856 -8.74278
-685.503 -34.2251
-397.072 -19.8036
-232.374 -11.5687
-914.76 -45.688
-64.9082 -3.19541
409.234 20.5117
300.601 15.0801
-717.786 -35.8393
-46.4574 -2.27287
754.047 37.7523
811.996 40.6498
-809.282 -40.4141
-907.592 -45.3296
916.745 45.8873
986.869 49.3935
-637.417 -31.8208
-233.684 -11.6342
434.145 21.7573
377.884 18.9442
-667.612 -33.3306
-636.431 -31.7716
-291.741 -14.5371
895.259 44.8129
555.531 27.8266
954.316 47.7658
-46.1692 -2.25846
-13.2622 -0.613112
425.011 21.3006
273.88 13.744
-702.495 -35.0747
-10.6987 -0.484934
-317.358 -15.8179
-468.845 -23.3922
656.862 32.8931
-51.0667 -2.50334
